#include "config.h"

// genotype -> phenotype //
const double coefficients[NUM_GENES][NUM_GENES] = {
	{0.400, 0.242, 0.054, 0.004, 0.000, 0.000, 0.000, 0.000}, // this should be gaussian with μ = 0 & σ = 1
	{0.242, 0.400, 0.242, 0.054, 0.004, 0.000, 0.000, 0.000}, //
	{0.054, 0.242, 0.400, 0.242, 0.054, 0.004, 0.000, 0.000}, //
	{0.004, 0.054, 0.242, 0.400, 0.242, 0.054, 0.004, 0.000}, //         ...
	{0.000, 0.004, 0.054, 0.242, 0.400, 0.242, 0.054, 0.004}, //       ..   ..
	{0.000, 0.000, 0.004, 0.054, 0.242, 0.400, 0.242, 0.054}, //      .       .
	{0.000, 0.000, 0.000, 0.004, 0.054, 0.242, 0.400, 0.242}, //     .         .
	{0.000, 0.000, 0.000, 0.000, 0.004, 0.054, 0.242, 0.400}  //   .             .
	                                                          //.                   .
};


// phenotype -> genotype //
const double inverse_coefficients[NUM_GENES][NUM_GENES] = {
	{4.888 , -4.623, 3.170 , -1.952, 1.145 , -0.643, 0.329 , -0.124}, // this should be inverted matrix1
	{-4.623, 9.258 , -7.612, 5.000 , -3.006, 1.704 , -0.874, 0.329 },
	{3.170 , -7.612, 11.291, -8.835, 5.665 , -3.292, 1.704 , -0.643},
	{-1.952, 5.000 , -8.835, 11.986, -9.141, 5.664 , -3.005, 1.145 },
	{1.145 , -3.006, 5.665 , -9.141, 11.986, -8.835, 5.000 , -1.951}, 
	{-0.643, 1.704 , -3.292, 5.664 , -8.835, 11.291, -7.612, 3.170 },
	{0.329 , -0.874, 1.704 , -3.005, 5.000 , -7.612, 9.258 , -4.623},
	{-0.124, 0.329 , -0.643, 1.145 , -1.951, 3.170 , -4.623, 4.888 }
};

/*
const double coefficients[NUM_GENES][NUM_GENES] = {
	{1.000, 0.000, 0.000, 0.000, 0.000, 0.000, 0.000, 0.000}, // this should be linear
	{0.000, 1.000, 0.000, 0.000, 0.000, 0.000, 0.000, 0.000}, //
	{0.000, 0.000, 1.000, 0.000, 0.000, 0.000, 0.000, 0.000}, //
	{0.000, 0.000, 0.000, 1.000, 0.000, 0.000, 0.000, 0.000}, //          .
	{0.000, 0.000, 0.000, 0.000, 1.000, 0.000, 0.000, 0.000}, //          .  
	{0.000, 0.000, 0.000, 0.000, 0.000, 1.000, 0.000, 0.000}, //          .    
	{0.000, 0.000, 0.000, 0.000, 0.000, 0.000, 1.000, 0.000}, //          .     
	{0.000, 0.000, 0.000, 0.000, 0.000, 0.000, 0.000, 1.000}  //          .       
	                                                          //          .          
};


// phenotype -> genotype //
const double inverse_coefficients[NUM_GENES][NUM_GENES] = {
	{1.000, 0.000, 0.000, 0.000, 0.000, 0.000, 0.000, 0.000}, // this should be linear
	{0.000, 1.000, 0.000, 0.000, 0.000, 0.000, 0.000, 0.000}, //
	{0.000, 0.000, 1.000, 0.000, 0.000, 0.000, 0.000, 0.000}, //
	{0.000, 0.000, 0.000, 1.000, 0.000, 0.000, 0.000, 0.000}, //          .
	{0.000, 0.000, 0.000, 0.000, 1.000, 0.000, 0.000, 0.000}, //          .  
	{0.000, 0.000, 0.000, 0.000, 0.000, 1.000, 0.000, 0.000}, //          .    
	{0.000, 0.000, 0.000, 0.000, 0.000, 0.000, 1.000, 0.000}, //          .     
	{0.000, 0.000, 0.000, 0.000, 0.000, 0.000, 0.000, 1.000}  //          .       
};
*/
